  0.47700373483917380     
  0.46371865572396315     
  0.45060369860590432     
  0.43766762837261991     
  0.42491908274570289     
  0.41236656823890044     
  0.40001845634934463     
  0.38788297997952170     
  0.37596823008727942     
  0.36428215256075769     
  0.35283254531476882     
  0.34162705560483753     
  0.33067317755481618     
  0.31997824989375956     
  0.30954945389752775     
  0.29939381153043387     
  0.28951818378215322     
  0.27992926919503203     
  0.27063360257694691     
  0.26163755389487631     
  0.25294732734448255     
  0.24456896059112243     
  0.23650832417795198     
  0.22877112109705255     
  0.22136288651986324     
  0.21428898768362570     
  0.20755462393104052     
  0.20116482690091064     
  0.20000000000000001     
  0.20000000000000001     
  0.20000000000000001     
  0.20000000000000001     
  0.20000000000000001     
  0.20000000000000001     
  0.20000000000000001     
  0.20000000000000001     
  0.20000000000000001     
  0.20000000000000001     
  0.20000000000000001     
  0.20000000000000001     
  0.20000000000000001     
  0.20000000000000001     
  0.20000000000000001     
  0.20000000000000001     
  0.20000000000000001     
  0.20000000000000001     
  0.20000000000000001     
  0.20000000000000001     
  0.20000000000000001     
  0.20000000000000001     
  0.20000000000000001     
  0.20000000000000001     
  0.20000000000000001     
  0.20000000000000001     
  0.20000000000000001     
  0.20000000000000001     
  0.20000000000000001     
  0.20000000000000001     
  0.20000000000000001     
  0.20000000000000001     
  0.20000000000000001     
  0.20000000000000001     
  0.20000000000000001     
  0.20000000000000001     
  0.20000000000000001     
  0.20000000000000001     
  0.20000000000000001     
  0.20000000000000001     
  0.20000000000000001     
  0.20000000000000001     
  0.20000000000000001     
  0.20000000000000001     
  0.20116482690091064     
  0.20755462393104052     
  0.21428898768362570     
  0.22136288651986324     
  0.22877112109705255     
  0.23650832417795198     
  0.24456896059112243     
  0.25294732734448255     
  0.26163755389487686     
  0.27063360257694691     
  0.27992926919503258     
  0.28951818378215322     
  0.29939381153043432     
  0.30954945389752775     
  0.31997824989376011     
  0.33067317755481684     
  0.34162705560483819     
  0.35283254531476882     
  0.36428215256075769     
  0.37596823008728009     
  0.38788297997952281     
  0.40001845634934635     
  0.41236656823890216     
  0.42491908274570406     
  0.43766762837262102     
  0.45060369860590543     
  0.46371865572396437     
  0.47700373483917435     
