   98.445160998166983     
   105.61728600121081     
   112.88820486154583     
   120.24469401558878     
   127.67345288994993     
   135.16112549899196     
   142.69432183755438     
   150.25963904185230     
   157.84368229295353     
   165.43308543865268     
   173.01453131096849     
   180.57477171789131     
   188.10064708939473     
   195.57910575909298     
   202.99722286427132     
   210.34221884833059     
   217.60147755096216     
   224.76256387261529     
   231.81324100100707     
   238.74148718858464     
   245.53551207093187     
   252.18377251717004     
   258.67498800437153     
   264.99815550894169     
   271.14256390877586     
   277.09780789079713     
   282.85380135920883     
   288.40079034045584     
   291.95009772399999     
   294.93665455600006     
   297.78099439600004     
   300.48311724400003     
   303.04302310000003     
   305.46071196400004     
   307.73618383600001     
   309.86943871600005     
   311.86047660400004     
   313.70929750000005     
   315.41590140400001     
   316.98028831600004     
   318.40245823600003     
   319.68241116400009     
   320.82014709999999     
   321.81566604400007     
   322.66896799600005     
   323.38005295600004     
   323.94892092400005     
   324.37557190000001     
   324.66000588400004     
   324.80222287600003     
   324.80222287600003     
   324.66000588400004     
   324.37557190000001     
   323.94892092400005     
   323.38005295600004     
   322.66896799600005     
   321.81566604400007     
   320.82014709999999     
   319.68241116400009     
   318.40245823600003     
   316.98028831600004     
   315.41590140400001     
   313.70929750000005     
   311.86047660400004     
   309.86943871600005     
   307.73618383600001     
   305.46071196400004     
   303.04302310000003     
   300.48311724400003     
   297.78099439600004     
   294.93665455600006     
   291.95009772399999     
   288.40079034045584     
   282.85380135920883     
   277.09780789079713     
   271.14256390877586     
   264.99815550894169     
   258.67498800437153     
   252.18377251717004     
   245.53551207093187     
   238.74148718858441     
   231.81324100100707     
   224.76256387261512     
   217.60147755096216     
   210.34221884833045     
   202.99722286427132     
   195.57910575909281     
   188.10064708939456     
   180.57477171789114     
   173.01453131096849     
   165.43308543865268     
   157.84368229295336     
   150.25963904185195     
   142.69432183755399     
   135.16112549899159     
   127.67345288994971     
   120.24469401558855     
   112.88820486154560     
   105.61728600121060     
   98.445160998166870     
