   177.35853094406266     
   180.93581176677580     
   184.52009542783722     
   188.10739898815277     
   191.69362509115848     
   195.27456839922831     
   198.84592250180654     
   202.40328727950549     
   205.94217670633864     
   209.45802707027758     
   212.94620559041749     
   216.40201940721684     
   219.82072492056258     
   223.19753744879799     
   226.52764118035483     
   229.80619938824597     
   233.02836487641252     
   236.18929062578886     
   239.28414060693530     
   242.30810072522107     
   245.25638986378422     
   248.12427098889324     
   250.90706228184325     
   253.60014826117620     
   256.19899085878927     
   258.69914041339689     
   261.09624654484185     
   263.38606887289802     
   265.56448754446433     
   267.63275407100258     
   269.59305552132736     
   271.44729169392343     
   273.19711485341361     
   274.84396325401372     
   276.38908953710376     
   277.83358487264343     
   279.17839954450022     
   280.42436054634464     
   281.57218664906395     
   282.62250131628849     
   283.57584377682991     
   284.43267850794604     
   285.19340333859162     
   285.85835634503366     
   286.42782168072796     
   286.90203445686262     
   287.28118476842553     
   287.56542094220998     
   287.75485206717360     
   287.84954985342978     
   287.84954985342978     
   287.75485206717360     
   287.56542094220998     
   287.28118476842553     
   286.90203445686262     
   286.42782168072796     
   285.85835634503366     
   285.19340333859162     
   284.43267850794604     
   283.57584377682991     
   282.62250131628849     
   281.57218664906395     
   280.42436054634464     
   279.17839954450022     
   277.83358487264343     
   276.38908953710376     
   274.84396325401372     
   273.19711485341361     
   271.44729169392343     
   269.59305552132736     
   267.63275407100258     
   265.56448754446433     
   263.38606887289802     
   261.09624654484185     
   258.69914041339689     
   256.19899085878927     
   253.60014826117620     
   250.90706228184325     
   248.12427098889324     
   245.25638986378422     
   242.30810072522090     
   239.28414060693530     
   236.18929062578869     
   233.02836487641252     
   229.80619938824580     
   226.52764118035483     
   223.19753744879782     
   219.82072492056241     
   216.40201940721670     
   212.94620559041749     
   209.45802707027758     
   205.94217670633850     
   202.40328727950518     
   198.84592250180600     
   195.27456839922786     
   191.69362509115817     
   188.10739898815240     
   184.52009542783691     
   180.93581176677549     
   177.35853094406249     
