     0.47700372750106695
     0.46371864828823234
     0.45060369107385401
     0.43766762074557064
     0.42491907502498361
     0.41236656042585318
     0.40001844844532014
     0.38788297198588007
     0.37596822200538971
     0.36428214439199580
     0.35283253706051843
     0.34162704726648840
     0.33067316913376321
     0.31997824139140341
     0.30954944531527429
     0.29939380286969375
     0.28951817504434085
     0.27992926038156729
     0.27063359368925333
     0.26163754493438163
     0.25294731831261918
     0.24456895148932700
     0.23650831500766745
     0.22877111185972698
     0.22136287721695003
     0.21428897831658456
     0.20755461450133861
     0.20116481741002201
     0.20000000000000001
     0.20000000000000001
     0.20000000000000001
     0.20000000000000001
     0.20000000000000001
     0.20000000000000001
     0.20000000000000001
     0.20000000000000001
     0.20000000000000001
     0.20000000000000001
     0.20000000000000001
     0.20000000000000001
     0.20000000000000001
     0.20000000000000001
     0.20000000000000001
     0.20000000000000001
     0.20000000000000001
     0.20000000000000001
     0.20000000000000001
     0.20000000000000001
     0.20000000000000001
     0.20000000000000001
     0.20000000000000001
     0.20000000000000001
     0.20000000000000001
     0.20000000000000001
     0.20000000000000001
     0.20000000000000001
     0.20000000000000001
     0.20000000000000001
     0.20000000000000001
     0.20000000000000001
     0.20000000000000001
     0.20000000000000001
     0.20000000000000001
     0.20000000000000001
     0.20000000000000001
     0.20000000000000001
     0.20000000000000001
     0.20000000000000001
     0.20000000000000001
     0.20000000000000001
     0.20000000000000001
     0.20000000000000001
     0.20116477329310056
     0.20755456724952359
     0.21428892785319598
     0.22136282345713887
     0.22877105470939796
     0.23650825436220324
     0.24456888723206771
     0.25294725031303822
     0.26163747304588758
     0.27063351774650191
     0.27992918019716240
     0.28951809040472443
     0.29939371352998545
     0.30954935099268610
     0.31997814175672845
     0.33067306380017503
     0.34162693577452741
     0.35283241885750061
     0.36428201880302613
     0.37596808819126759
     0.38788282887962355
     0.40001829465189487
     0.41236639405420034
     0.42491889338413286
     0.43766741973384360
     0.45060346374666510
     0.46371838054070297
     0.47700337637823298
