    -0.01653916508417628
    -0.01267075637159216
    -0.01084356648216779
    -0.00966999629781104
    -0.00880994893114733
    -0.00813005409592375
    -0.00756494163618162
    -0.00707800206133326
    -0.00664681922705905
    -0.00625676203594308
    -0.00589781217694750
    -0.00556284893217323
    -0.00524666192040816
    -0.00494534781795133
    -0.00465592513078169
    -0.00437608340140598
    -0.00410400767638958
    -0.00383826135207586
    -0.00357769556618080
    -0.00332139064907432
    -0.00306860593104386
    -0.00281874643205245
    -0.00257133438318727
    -0.00232598887671662
    -0.00208240915412558
    -0.00184036056579226
    -0.00159966786346462
    -0.00136019934094743
    -0.00111507268162899
    -0.00087638791613382
    -0.00064489384278301
    -0.00041945967549885
    -0.00019904012070158
     0.00001733604821733
     0.00023057781432572
     0.00044154374058127
     0.00065104896157174
     0.00085987626798107
     0.00106877985825489
     0.00127849386511292
     0.00148973866516816
     0.00170322463059237
     0.00191965860926552
     0.00213975034808180
     0.00236421334560084
     0.00259377462911535
     0.00282917600520624
     0.00307117894827638
     0.00332057233125527
     0.00357817486986587
     0.00357817486986587
     0.00332057233125527
     0.00307117883458955
     0.00282917600520624
     0.00259377462911535
     0.00236421340244426
     0.00213975034808180
     0.00191965860926552
     0.00170322457374896
     0.00148973872201158
     0.00127849386511292
     0.00106877985825489
     0.00085987632482449
     0.00065104896157174
     0.00044154374058127
     0.00023057775748230
     0.00001733604821733
    -0.00019904012070158
    -0.00041945973234227
    -0.00064489384278301
    -0.00087638797297724
    -0.00111507273847241
    -0.00136019934094743
    -0.00159966786346462
    -0.00184036062263568
    -0.00208240915412558
    -0.00232598893356003
    -0.00257133438318727
    -0.00281874648889587
    -0.00306860593104386
    -0.00332139064907432
    -0.00357769556618080
    -0.00383826135207586
    -0.00410400761954616
    -0.00437608334456256
    -0.00465592513078169
    -0.00494534770426450
    -0.00524666192040816
    -0.00556284881848640
    -0.00589781217694750
    -0.00625676203594308
    -0.00664681928390247
    -0.00707800206133326
    -0.00756494169302503
    -0.00813005420961058
    -0.00880994881746049
    -0.00966999624096763
    -0.01084356648216779
    -0.01267075631474874
    -0.01653916508417628
