    78.91337052423754983
    75.31852631685178778
    71.63189109073741179
    67.86270547049717550
    64.02017267289183167
    60.11344334602279105
    56.15160108448876031
    52.14364863273043937
    48.09849478371612719
    44.02494197760488959
    39.93167460154047887
    35.82724798814145117
    31.72007810707562570
    27.61843194303385829
    23.53041854733648108
    19.46398074955164148
    15.42688751394527635
    11.42672692092790143
     7.47089975352039293
     3.56661366433221971
    -0.27912209867473314
    -4.05950143885323556
    -7.76792565150265801
   -11.39800719464434664
   -14.94357301438944496
   -18.39866745912777546
   -21.75755481289114002
   -25.01472148269298046
   -26.38560672536315721
   -27.30389697931415682
   -28.18793530833873362
   -29.03582191464473539
   -29.84590453290910261
   -30.61674490941890170
   -31.34709040228995036
   -32.03584984150442949
   -32.68207294316975009
   -33.28493271331187486
   -33.84371038079708427
   -34.35778248181095051
   -34.82660978720279843
   -35.24972781936217103
   -35.62673874894665715
   -35.95730449944774421
   -36.24114091677100191
   -36.47801288957811039
   -36.66773032214143058
   -36.81014488723523925
   -36.90514749518742121
   -36.95266643530854367
   -36.95266615462194437
   -36.90514665191700772
   -36.81014347956904231
   -36.66772834622361898
   -36.47801034017550137
   -36.24113778723840085
   -35.95730078134589291
   -35.62673443249727256
   -35.24972289273655690
   -34.82660423708296804
   -34.35777629322637239
   -33.84370353669356035
   -33.28492519445406828
   -32.68206472854135569
   -32.03584090764682912
   -31.34708072331734030
   -30.61673445695174323
   -29.84589327584747664
   -29.03580981880925549
   -28.18792233638071920
   -27.30388309036485950
   -26.38559187461500244
   -25.01472154869042797
   -21.75755480134389686
   -18.39866735563775890
   -14.94357280366552665
   -11.39800685983867012
    -7.76792517416139816
    -4.05950079856445356
    -0.27912127373632217
     3.56661469881543924
     7.47090102424088087
    11.42672845828907313
    15.42688935114329496
    19.46398292445733702
    23.53042110217857896
    27.61843492612539208
    31.72008157333117495
    35.82725200111806885
    39.93167923546614873
    44.02494732018747925
    48.09850094039354218
    52.14365573287737021
    56.15160929090073694
    60.11345287094049894
    64.02018380574230605
    67.86271863347050726
    71.63190696597845886
    75.31854622295685431
    78.91287527492825404
