    98.44516237944090165
   105.61728746563191805
   112.88820640920758365
   120.24469564649650977
   127.67345460402330559
   135.16112729606510356
   142.69432371737786980
   150.25964100409427715
   157.84368433720078428
   165.43308756441254559
   173.01453351766977562
   180.57477400488610897
   188.10064945595985364
   195.57910820443123612
   202.99722538751302636
   210.34222144853498548
   217.60148022711916838
   224.76256662364633598
   231.81324382576710263
   238.74149008586337573
   245.53551503945507761
   252.18377555560107339
   258.67499111131206746
   264.99815868293359244
   271.14256714830258943
   277.09781119428470220
   282.85380472502697558
   288.40079376691960533
   291.95009772399998837
   294.93665455600006453
   297.78099439600003961
   300.48311724400002731
   303.04302310000002763
   305.46071196400004055
   307.73618383600000925
   309.86943871600004741
   311.86047660400004133
   313.70929750000004788
   315.41590140400001019
   316.98028831600004196
   318.40245823600002950
   319.68241116400008650
   320.82014709999998558
   321.81566604400006781
   322.66896799600004897
   323.38005295600004274
   323.94892092400004913
   324.37557190000001128
   324.66000588400004290
   324.80222287600003028
   324.80222287600003028
   324.66000588400004290
   324.37557190000001128
   323.94892092400004913
   323.38005295600004274
   322.66896799600004897
   321.81566604400006781
   320.82014709999998558
   319.68241116400008650
   318.40245823600002950
   316.98028831600004196
   315.41590140400001019
   313.70929750000004788
   311.86047660400004133
   309.86943871600004741
   307.73618383600000925
   305.46071196400004055
   303.04302310000002763
   300.48311724400002731
   297.78099439600003961
   294.93665455600006453
   291.95009772399998837
   288.40080969430420055
   282.85382159099140154
   277.09782899127895917
   271.14258586892708536
   264.99817832007659035
   258.67501165831373555
   252.18379700645127173
   245.53553738903300996
   238.74151333022805943
   231.81326796251840960
   224.76259165237149773
   217.60150614995797014
   210.34224827089650489
   202.99725311900454017
   195.57913686007444198
   188.10067905781568243
   180.57480458426451264
   173.01456511820776996
   165.43312024647556768
   157.84371818437779211
   150.25967613315245330
   142.69436029425054357
   135.16116556308438135
   127.67349493002603822
   120.24473862924982370
   112.88825311967541154
   105.61734019684787711
    98.44575146899715890
