   177.35853290522703674
   180.93581378401756865
   184.52009750149397860
   188.10740111850714129
   191.69362727843864036
   195.27457064360427808
   198.84592480338983478
   202.40328963834690512
   205.94217912242689295
   209.45802954353820269
   212.94620812071136129
   216.40202199433917940
   219.82072756424184945
   223.19754014869522507
   226.52764393606247495
   229.80620219928718484
   233.02836774224101646
   236.18929354578793323
   239.28414358041791843
   242.30810375142945645
   245.25639294188977146
   248.12427411799666288
   250.90706546097382557
   253.60015148929321072
   256.19899413478196948
   258.69914373608486358
   261.09624991297562246
   263.38607228516008263
   265.56449099946934211
   267.63275757761624618
   269.59305908837097832
   271.44729533021461521
   273.19711856780259041
   274.84396705541900019
   276.38909343454531609
   277.83358887527487013
   279.17840366164119814
   280.42436478751210416
   281.57219102400330257
   282.62250583500497214
   283.57584844962019588
   284.43268334543046194
   285.19340835174773474
   285.85836154523008190
   286.42782707975970879
   286.90204006698940020
   287.28119060240931049
   287.56542701335740730
   287.75485838937891003
   287.84955644122123886
   287.84955672201903099
   287.75485923250840870
   287.56542842103158364
   287.28119257832941003
   286.90204261636409910
   286.42783020933370608
   285.85836526331945606
   285.19341266828610060
   284.43268827202297189
   283.57585399960879613
   282.62251202354485713
   281.57219786814965801
   280.42437230632140199
   279.17841187628732769
   277.83359780918038950
   276.38910311353112093
   274.84397750787553605
   273.19712982488232456
   271.44730742605230489
   269.59307206033344073
   267.63277146658657557
   265.56450585017148569
   263.38608814653036916
   261.09626679054389342
   258.69916163651873831
   256.19901306613729730
   253.60017146130309129
   250.90708648538782199
   248.12429620897987093
   245.25641611649777474
   242.30812803017531110
   239.28416898796146484
   236.18932011177625441
   233.02839550235177057
   229.80623119653324693
   226.52767422245381113
   223.19757178738419157
   219.82076063234453045
   216.40205658672047662
   212.94624435518187511
   209.45806756818433314
   205.94221912628256632
   202.40333186753420591
   198.84596958670300637
   195.27461843553030008
   191.69367873730575980
   188.10745726423928659
   184.52016008718996432
   180.93588642134122324
   177.35862674546888229
