    -0.00000000154858526
    -0.00000000153386281
    -0.00000000154898316
    -0.00000000151345603
    -0.00000000152350310
    -0.00000000151638346
    -0.00000000152320467
    -0.00000000152218860
    -0.00000000150998147
    -0.00000000152076751
    -0.00000000150110679
    -0.00000000131161926
    -0.00000000120637011
    -0.00000000123013066
    -0.00000000121296750
    -0.00000000120055788
    -0.00000000117657173
    -0.00000000121369581
    -0.00000000113042287
    -0.00000000123386101
    -0.00000000110942699
    -0.00000000124882504
    -0.00000000116441612
    -0.00000000100396491
    -0.00000000086882501
    -0.00000000092793684
    -0.00000000083978691
    -0.00000000093345776
    -0.00000000083251095
    -0.00000000093033847
    -0.00000000070967232
    -0.00000000085932328
    -0.00000000071166539
    -0.00000000083786134
    -0.00000000083525720
    -0.00000000077925222
    -0.00000000081090690
    -0.00000000082393115
    -0.00000000080037665
    -0.00000000081588070
    -0.00000000082296481
    -0.00000000079254647
    -0.00000000069440631
    -0.00000000067775829
    -0.00000000053066174
    -0.00000000056746785
    -0.00000000055069194
    -0.00000000059263527
    -0.00000000056628835
    -0.00000000052975224
    -0.00000000064094507
    -0.00000000042537351
    -0.00000000060061467
    -0.00000000055297988
    -0.00000000053955773
    -0.00000000057205796
    -0.00000000066528116
    -0.00000000078338758
    -0.00000000075944229
    -0.00000000069173467
    -0.00000000077118756
    -0.00000000084320817
    -0.00000000077542239
    -0.00000000082864204
    -0.00000000082717122
    -0.00000000084845198
    -0.00000000082723872
    -0.00000000072977357
    -0.00000000086153307
    -0.00000000071412032
    -0.00000000095137054
    -0.00000000078649975
    -0.00000000091659658
    -0.00000000089638874
    -0.00000000087753804
    -0.00000000087573859
    -0.00000000106517106
    -0.00000000123548460
    -0.00000000109305276
    -0.00000000120108695
    -0.00000000113181242
    -0.00000000120217436
    -0.00000000111568355
    -0.00000000125050548
    -0.00000000117940502
    -0.00000000127069200
    -0.00000000118435750
    -0.00000000119767307
    -0.00000000133789513
    -0.00000000150795643
    -0.00000000152128621
    -0.00000000151123203
    -0.00000000150438240
    -0.00000000155172586
    -0.00000000150541979
    -0.00000000153741553
    -0.00000000151895563
    -0.00000000153609392
    -0.00000000153649182
    -0.00000000154346935
