   265.44962724989301250
   266.77813517117652964
   268.08963089261430923
   269.38323792544269963
   270.65809249750139998
   271.91334395741444041
   273.14815515546774805
   274.36170280141175226
   275.55317779946079781
   276.72178556080018552
   277.86674629394792646
   278.98729527335092371
   280.08268308662343316
   281.15217586085941548
   282.19505546847233290
   283.21061971303038263
   284.19818249556573164
   285.15707396184302524
   286.08664063107448783
   286.98624550656160181
   287.85526816873789357
   288.69310485106706210
   289.49916849923306472
   290.27288881402711240
   291.01371227830480848
   291.72110216834136054
   292.39453854986601300
   293.03351825899761707
   293.63755486823743013
   294.20761887650274957
   294.74488330414703796
   295.25038840273151663
   295.72505860923337195
   296.16971677075594016
   296.58509613213919920
   296.97185047775394651
   297.33056274042945688
   297.66175232928935657
   297.96588138012845093
   298.24336009379339885
   298.49455129754585414
   298.71977433986108963
   298.91930840923504320
   299.09339535133216259
   299.24224204542616690
   299.36602238995936887
   299.46487893769301536
   299.53892421296404791
   299.58824173669057700
   299.61288677873250208
   299.61288685180073799
   299.58824195614101882
   299.53892457953560324
   299.46487945262288122
   299.36602305499138765
   299.24224286282293406
   299.09339632389071539
   298.91930954030664225
   298.71977563337503625
   298.49455275803813947
   298.24336172644018461
   297.96588319078495033
   297.66175432453496796
   297.33056492761988920
   296.97185286508084801
   296.58509872869871060
   296.16971958662730913
   295.72506165556904989
   295.25039169186055688
   294.74488684969406904
   294.20762269352502472
   293.63755897338319301
   293.03352267068976289
   292.39454327504745379
   291.72110721468021666
   291.01371765428592653
   290.27289452906001088
   289.49917456377943381
   288.69311127679304718
   287.85527496869593733
   286.98625269541105354
   286.08664822534956329
   285.15708198028357856
   284.19819095952732368
   283.21062864700127193
   282.19506490073115401
   281.15218582432697758
   280.08269361998225122
   278.98730642254702161
   277.86675811424970561
   276.72179811969715502
   275.55319118087300012
   274.36171711203741097
   273.14817053481021958
   271.91336059457972851
   270.65811066158642006
   269.38325802661540820
   268.08965362533319876
   266.77816194592941201
   265.44966236217641153
