     0.57420891389878093
     0.55690189371697851
     0.53977211692357363
     0.52283476952681740
     0.50610480087799559
     0.48959691453505194
     0.47332555988731501
     0.45730492452921812
     0.44154892736845186
     0.42607121245159035
     0.41088514348806560
     0.39600379905132643
     0.38143996843408856
     0.36720614813290309
     0.35331453893567877
     0.33977704358444683
     0.32660526498442166
     0.31381050492942231
     0.30140376331283636
     0.28939573779268368
     0.27779682387882432
     0.26661711541008304
     0.25586640538891980
     0.24555418714137045
     0.23568965577019085
     0.22628170986960083
     0.21733895347060139
     0.20886969818664858
     0.20088196553041948
     0.20000000000000001
     0.20000000000000001
     0.20000000000000001
     0.20000000000000001
     0.20000000000000001
     0.20000000000000001
     0.20000000000000001
     0.20000000000000001
     0.20000000000000001
     0.20000000000000001
     0.20000000000000001
     0.20000000000000001
     0.20000000000000001
     0.20000000000000001
     0.20000000000000001
     0.20000000000000001
     0.20000000000000001
     0.20000000000000001
     0.20000000000000001
     0.20000000000000001
     0.20000000000000001
     0.20000000000000001
     0.20000000000000001
     0.20000000000000001
     0.20000000000000001
     0.20000000000000001
     0.20000000000000001
     0.20000000000000001
     0.20000000000000001
     0.20000000000000001
     0.20000000000000001
     0.20000000000000001
     0.20000000000000001
     0.20000000000000001
     0.20000000000000001
     0.20000000000000001
     0.20000000000000001
     0.20000000000000001
     0.20000000000000001
     0.20000000000000001
     0.20000000000000001
     0.20000000000000001
     0.20088196553042004
     0.20886969818664858
     0.21733895347060184
     0.22628170986960083
     0.23568965577019130
     0.24555418714137045
     0.25586640538892036
     0.26661711541008304
     0.27779682387882476
     0.28939573779268368
     0.30140376331283680
     0.31381050492942231
     0.32660526498442222
     0.33977704358444683
     0.35331453893567932
     0.36720614813290309
     0.38143996843408912
     0.39600379905132643
     0.41088514348806610
     0.42607121245159035
     0.44154892736845236
     0.45730492452921812
     0.47332555988731562
     0.48959691453505250
     0.50610480087799614
     0.52283476952681807
     0.53977211692357419
     0.55690189371697918
     0.57420891389878159
