    72.62423950498488523
    69.68460039301298536
    66.60272738754062516
    63.39019650459195532
    60.05856708714579639
    56.61935199267544050
    53.08398946980909727
    49.46381677169772217
    45.77004554469628772
    42.01373901462442007
    38.20579098318966516
    34.35690663754964191
    30.47758515970754800
    26.57810411822916663
    22.66850560841986706
    18.75858410353637851
    14.85787596473352501
    10.97565055596834505
     7.12090289497309747
     3.30234777263188262
    -0.47158474109563969
    -4.19275248385139587
    -7.85330317263216404
   -11.44567524755414745
   -14.96259768801966672
   -18.39708889467285857
   -21.74245474061408245
   -24.99228588992628275
   -28.14045448917532255
   -28.74179594338714594
   -29.02959202119093973
   -29.32158942383823685
   -29.61415797802642302
   -29.90409279420860855
   -30.18856285232849856
   -30.46506698866375373
   -30.73139613256494940
   -30.98560083754502514
   -31.22596333598501772
   -31.45097346677460592
   -31.65930795260993946
   -31.84981257915499597
   -32.02148691763105148
   -32.17347128075840601
   -32.30503566725329989
   -32.41557048293889665
   -32.50457887131722856
   -32.57167051589461693
   -32.61655680482486730
   -32.63904727528026228
   -32.63904727528026228
   -32.61655680482486730
   -32.57167051589461693
   -32.50457887131722856
   -32.41557048293889665
   -32.30503566725326436
   -32.17347128081746632
   -32.02148691751337140
   -31.84981257927192289
   -31.65930795249383678
   -31.45097346688980267
   -31.22596333587087614
   -30.98560083765796236
   -30.73139613245321655
   -30.46506698877413299
   -30.18856285221955460
   -29.90409279431597867
   -29.61415797792063742
   -29.32158942394237044
   -29.02959202108884185
   -28.74179594348736089
   -28.14045448907699054
   -24.99228589002250445
   -21.74245474052012028
   -18.39708889476441200
   -14.96259768793066769
   -11.44567524764058319
    -7.85330317254828891
    -4.19275248393256206
    -0.47158474101703385
     3.30234777255598688
     7.12090289504568119
    10.97565055589907601
    14.85787596479978312
    18.75858410347328231
    22.66850560847949936
    26.57810411817300178
    30.47758515976025251
    34.35690663750055052
    38.20579098323499068
    42.01373901458300963
    45.77004554473416675
    49.46381677166429114
    53.08398946982423183
    56.61935199267522023
    60.05856708714575376
    63.39019650459236743
    66.60272738754062516
    69.68460039301298536
    72.62423950498488523
