    80.14793759555625741
    87.26542498148195648
    94.56616183234744710
   102.03322808373792441
   109.64944853107016343
   117.39743139332966848
   125.25960649351576137
   133.21826298393466459
   141.25558654961093907
   149.35369602828836832
   157.49467939069216982
   165.66062902991572514
   173.83367631395537956
   181.99602536048797674
   190.12998599797620614
   198.21800588203717552
   206.24270174072853479
   214.18688972693664141
   222.03361486041430339
   229.76617954614633277
   237.36817115964655045
   244.82348869346199649
   252.11636846258903688
   259.23140886966200469
   266.15359423367146974
   272.86831768856620783
   279.36140316042730092
   285.61912643392344080
   291.62823532050600761
   294.93665455600006453
   297.78099439600003961
   300.48311724400002731
   303.04302310000002763
   305.46071196400004055
   307.73618383600000925
   309.86943871600004741
   311.86047660400004133
   313.70929750000004788
   315.41590140400001019
   316.98028831600004196
   318.40245823600002950
   319.68241116400008650
   320.82014709999998558
   321.81566604400006781
   322.66896799600004897
   323.38005295600004274
   323.94892092400004913
   324.37557190000001128
   324.66000588400004290
   324.80222287600003028
   324.80222287600003028
   324.66000588400004290
   324.37557190000001128
   323.94892092400004913
   323.38005295600004274
   322.66896799600004897
   321.81566604400006781
   320.82014709999998558
   319.68241116400008650
   318.40245823600002950
   316.98028831600004196
   315.41590140400001019
   313.70929750000004788
   311.86047660400004133
   309.86943871600004741
   307.73618383600000925
   305.46071196400004055
   303.04302310000002763
   300.48311724400002731
   297.78099439600003961
   294.93665455600006453
   291.62823532050583708
   285.61912643392344080
   279.36140316042713039
   272.86831768856620783
   266.15359423367129921
   259.23140886966200469
   252.11636846258883793
   244.82348869346199649
   237.36817115964640834
   229.76617954614630435
   222.03361486041416129
   214.18688972693664141
   206.24270174072836426
   198.21800588203717552
   190.12998599797603561
   181.99602536048797674
   173.83367631395523745
   165.66062902991572514
   157.49467939069202771
   149.35369602828836832
   141.25558654961082539
   133.21826298393460775
   125.25960649351560505
   117.39743139332958322
   109.64944853107009237
   102.03322808373778230
    94.56616183234733342
    87.26542498148182858
    80.14793759555612951
