   152.77217710077212587
   156.95002537478882232
   161.16888922018634389
   165.42342458863586785
   169.70801561852016448
   174.01678338631913334
   178.34359596348693344
   182.68207975573903923
   187.02563209446086034
   191.36743504301287544
   195.70047037404063417
   200.01753566757898284
   204.31126147381417013
   208.57412947882639287
   212.79849160656581830
   216.97658998567376898
   221.10057770562747237
   225.16254028301062817
   229.15451775555155223
   233.06852731887633468
   236.89658641873265310
   240.63073620969763056
   244.26306529012350666
   247.78573362222070386
   251.19099654577379965
   254.47122879394095207
   257.61894841993478167
   260.62684054404769540
   263.48778083147516327
   266.19485861264701043
   268.75140237496810869
   271.16152782019554479
   273.42886512210640149
   275.55661916981478043
   277.54762098381684154
   279.40437172736017146
   281.12908047161039349
   282.72369666250358478
   284.18993806817309178
   285.52931484928097916
   286.74315028355158574
   287.83259858488594318
   288.79866018250646675
   289.64219476334665160
   290.36393232882488746
   290.96448247314748414
   291.44434205276598959
   291.80390138422001201
   292.04344907924314612
   292.16317560079107807
   292.16317560079107807
   292.04344907924314612
   291.80390138422001201
   291.44434205276598959
   290.96448247314748414
   290.36393232882488746
   289.64219476334665160
   288.79866018250623938
   287.83259858488594318
   286.74315028355130153
   285.52931484928097916
   284.18993806817286440
   282.72369666250358478
   281.12908047161022296
   279.40437172736017146
   277.54762098381667101
   275.55661916981478043
   273.42886512210623096
   271.16152782019554479
   268.75140237496782447
   266.19485861264701043
   263.48778083147499274
   260.62684054404769540
   257.61894841993461114
   254.47122879394095207
   251.19099654577362912
   247.78573362222070386
   244.26306529012333613
   240.63073620969763056
   236.89658641873248257
   233.06852731887633468
   229.15451775555126801
   225.16254028301062817
   221.10057770562733026
   216.97658998567376898
   212.79849160656564777
   208.57412947882639287
   204.31126147381399960
   200.01753566757898284
   195.70047037404046364
   191.36743504301287544
   187.02563209446068981
   182.68207975573903923
   178.34359596348679133
   174.01678338631899123
   169.70801561851999395
   165.42342458863569732
   161.16888922018623020
   156.95002537478870863
   152.77217710077198376
