   -81.89038563757921452
   -75.93013233919069194
   -71.80512774328254011
   -68.43481506295549366
   -65.50535160343110874
   -62.87324695456919699
   -60.45863956894127966
   -58.21166944946490673
   -56.09873806723589951
   -54.09593147849644623
   -52.18551155361650018
   -50.35388891056398819
   -48.59037794625174911
   -46.88639410767680715
   -45.23491538036000037
   -43.63010891770896649
   -42.06706485056379563
   -40.54160191983005035
   -39.05012258077476872
   -37.58950300780913523
   -36.15700824231424804
   -34.75022579339038487
   -33.36701300735912668
   -32.00545486433581033
   -30.66382977742450677
   -29.34058160855023445
   -28.03429656691513472
   -26.74368398096211763
   -25.46756017157330021
   -24.20483482911638617
   -22.95449942762214590
   -21.71561730807816204
   -20.48731513813283200
   -19.26877551350155215
   -18.05923051141922997
   -16.85795604176017193
   -15.66426686927255751
   -14.47751220247289261
   -13.29707176240317779
   -12.12235225864091603
   -10.95278421140650593
    -9.78781906789819445
    -8.62692656853634077
    -7.46959232495218295
    -6.31531557657368214
    -5.16360709674665763
    -4.01398722264296293
    -2.86598398587372882
    -1.71913132284220649
    -0.57296734551186379
     0.57296734551186379
     1.71913132284220649
     2.86598398587372882
     4.01398722264296559
     5.16360709674666474
     6.31531557657368836
     7.46959232495218295
     8.62692656853633366
     9.78781906789818734
    10.95278421140650416
    12.12235225864091603
    13.29707176240317779
    14.47751220247289261
    15.66426686927255751
    16.85795604176017193
    18.05923051141923352
    19.26877551350155926
    20.48731513813283911
    21.71561730807816204
    22.95449942762214235
    24.20483482911637907
    25.46756017157329310
    26.74368398096211763
    28.03429656691513472
    29.34058160855023445
    30.66382977742450677
    32.00545486433581033
    33.36701300735912668
    34.75022579339038487
    36.15700824231424804
    37.58950300780914233
    39.05012258077476872
    40.54160191983005035
    42.06706485056379563
    43.63010891770896649
    45.23491538036000037
    46.88639410767680715
    48.59037794625174911
    50.35388891056398819
    52.18551155361650018
    54.09593147849644623
    56.09873806723589951
    58.21166944946492094
    60.45863956894127966
    62.87324695456918278
    65.50535160343108032
    68.43481506295549366
    71.80512774328254011
    75.93013233919069194
    81.89038563757921452
