    -0.00000000023098323
    -0.00000000029388048
    -0.00000000029827163
    -0.00000000030598812
    -0.00000000030420466
    -0.00000000031402436
    -0.00000000016207480
    -0.00000000010665246
    -0.00000000015363355
    -0.00000000010008705
    -0.00000000015879920
    -0.00000000011361578
    -0.00000000015124257
    -0.00000000010924950
    -0.00000000016974511
    -0.00000000010021495
    -0.00000000016541257
    -0.00000000010564172
    -0.00000000016415136
    -0.00000000009811929
    -0.00000000018174234
    -0.00000000008702994
    -0.00000000016663382
    -0.00000000011284662
    -0.00000000012199664
    -0.00000000004760281
    -0.00000000012156320
    -0.00000000005053735
    -0.00000000014447821
    -0.00000000003409184
    -0.00000000015900881
    -0.00000000003375433
    -0.00000000013279688
    -0.00000000002334843
    -0.00000000014533086
    -0.00000000002387779
    -0.00000000017530155
    -0.00000000004856204
    -0.00000000015809931
    -0.00000000005554313
    -0.00000000016149571
    -0.00000000004085265
    -0.00000000013753265
    -0.00000000010498979
    -0.00000000007813838
    -0.00000000008633805
    -0.00000000008316903
    -0.00000000011461765
    -0.00000000006797052
    -0.00000000007131007
    -0.00000000007131007
    -0.00000000006797052
    -0.00000000011461765
    -0.00000000008316903
    -0.00000000008633805
    -0.00000000007810286
    -0.00000000016405011
    -0.00000000001962519
    -0.00000000015777957
    -0.00000000004510881
    -0.00000000017073987
    -0.00000000004373035
    -0.00000000016149926
    -0.00000000006339818
    -0.00000000013425705
    -0.00000000003621636
    -0.00000000013071855
    -0.00000000002684075
    -0.00000000013788792
    -0.00000000005662670
    -0.00000000013430679
    -0.00000000004614620
    -0.00000000014675905
    -0.00000000002760103
    -0.00000000013915624
    -0.00000000003299760
    -0.00000000019928237
    -0.00000000008278711
    -0.00000000016819612
    -0.00000000010310808
    -0.00000000017404345
    -0.00000000009142553
    -0.00000000017491075
    -0.00000000009918288
    -0.00000000016331114
    -0.00000000011011281
    -0.00000000016541435
    -0.00000000009850964
    -0.00000000016270718
    -0.00000000011344525
    -0.00000000014149748
    -0.00000000011569767
    -0.00000000014014034
    -0.00000000014695445
    -0.00000000031418779
    -0.00000000030414782
    -0.00000000030554759
    -0.00000000029827163
    -0.00000000029389469
    -0.00000000023096902
