   255.72910861012184114
   257.45981062830207975
   259.17278830764257691
   260.86652304731819640
   262.53951991220037598
   264.19030854649474804
   265.81744401126843513
   267.41950754707818305
   268.99510726315475040
   270.54287875484095593
   272.06148565119337945
   273.54962009486735042
   275.00600315659107764
   276.42938518670968051
   277.81854610643205206
   279.17229564155530852
   280.48947350155776803
   281.76894950705775500
   283.00962366871630138
   284.21042622073161965
   285.37031761211750336
   286.48828845899168982
   287.56335946110795021
   288.59458128586294379
   289.58103442298084929
   290.52182901303990548
   291.41610465293979360
   292.26303018133512523
   293.06180344695798112
   293.81165106264165843
   294.51456861347389804
   295.17265112253608095
   295.78775278571663421
   296.36151746497671411
   296.89540434592436213
   297.39070961048577146
   297.84858480476515297
   298.27005244892336577
   298.65601933106484012
   299.00728784404066118
   299.32456565774850787
   299.60847396618379435
   299.85955450529280597
   300.07827550241586323
   300.26503668907264455
   300.42017348472336380
   300.54396043887953738
   300.63661400172065896
   300.69829467851690197
   300.72910861012195483
   300.72910861012195483
   300.69829467851690197
   300.63661400172065896
   300.54396043887953738
   300.42017348472336380
   300.26503668907264455
   300.07827550241580639
   299.85955450529280597
   299.60847396618373750
   299.32456565774850787
   299.00728784404060434
   298.65601933106484012
   298.27005244892330893
   297.84858480476515297
   297.39070961048571462
   296.89540434592436213
   296.36151746497665727
   295.78775278571663421
   295.17265112253602410
   294.51456861347389804
   293.81165106264160158
   293.06180344695798112
   292.26303018133506839
   291.41610465293979360
   290.52182901303984863
   289.58103442298084929
   288.59458128586288694
   287.56335946110795021
   286.48828845899163298
   285.37031761211750336
   284.21042622073156281
   283.00962366871630138
   281.76894950705769816
   280.48947350155776803
   279.17229564155525168
   277.81854610643205206
   276.42938518670962367
   275.00600315659107764
   273.54962009486729357
   272.06148565119337945
   270.54287875484089909
   268.99510726315475040
   267.41950754707812621
   265.81744401126837829
   264.19030854649469120
   262.53951991220031914
   260.86652304731813956
   259.17278830764252007
   257.45981062830202291
   255.72910861012178430
