  -1.6539155976578627E-002
  -1.2670751358692080E-002
  -1.0843563362101311E-002
  -9.6699940249258022E-003
  -8.8099471261574112E-003
  -8.1300527962092310E-003
  -7.5649406976566816E-003
  -7.0780012279857271E-003
  -6.6468186413515878E-003
  -6.2567618350722592E-003
  -5.8978118449386748E-003
  -5.5628486718421293E-003
  -5.2466618668127367E-003
  -4.9453476757146883E-003
  -4.6559252863338420E-003
  -4.3760834731006388E-003
  -4.1040080818441696E-003
  -3.8382614011947340E-003
  -3.5776958472746420E-003
  -3.3213909382717620E-003
  -3.0686064424895352E-003
  -2.8187469879277166E-003
  -2.5713349425900414E-003
  -2.3259893609423690E-003
  -2.0824094455655574E-003
  -1.8403614148846741E-003
  -1.5996679719439285E-003
  -1.3601997818942886E-003
  -1.1150727902680057E-003
  -8.7638828094107127E-004
  -6.4489468136644419E-004
  -4.1946030152066534E-004
  -1.9904064044679929E-004
   1.7335356494760526E-005
   2.3057714647199196E-004
   4.4154289729336375E-004
   6.5104854040964996E-004
   8.5987580195716557E-004
   1.0687794040388043E-003
   1.2784935963672476E-003
   1.4897381532449677E-003
   1.7032239511562094E-003
   1.9196582268923895E-003
   2.1397496042850975E-003
   2.3642129686621861E-003
   2.5937742615893019E-003
   2.8291752639773532E-003
   3.0711784329776125E-003
   3.3205718570764827E-003
   3.5781743943638371E-003
   3.5781743943638371E-003
   3.3205718570764827E-003
   3.0711784329776125E-003
   2.8291752639773527E-003
   2.5937742615893024E-003
   2.3642129686621866E-003
   2.1397496042850975E-003
   1.9196582268923912E-003
   1.7032239511562111E-003
   1.4897381532449681E-003
   1.2784935963672480E-003
   1.0687794040388056E-003
   8.5987580195716600E-004
   6.5104854040965094E-004
   4.4154289729336614E-004
   2.3057714647199386E-004
   1.7335356494762912E-005
  -1.9904064044679783E-004
  -4.1946030152066404E-004
  -6.4489468136644126E-004
  -8.7638828094106899E-004
  -1.1150727902680038E-003
  -1.3601997818942859E-003
  -1.5996679719439261E-003
  -1.8403614148846704E-003
  -2.0824094455655548E-003
  -2.3259893609423651E-003
  -2.5713349425900375E-003
  -2.8187469879277132E-003
  -3.0686064424895313E-003
  -3.3213909382717576E-003
  -3.5776958472746386E-003
  -3.8382614011947293E-003
  -4.1040080818441670E-003
  -4.3760834731006336E-003
  -4.6559252863338386E-003
  -4.9453476757146814E-003
  -5.2466618668127298E-003
  -5.5628486718421249E-003
  -5.8978118449386678E-003
  -6.2567618350722488E-003
  -6.6468186413515783E-003
  -7.0780012279857175E-003
  -7.5649406976566720E-003
  -8.1300527962092223E-003
  -8.8099471261573973E-003
  -9.6699940249257849E-003
  -1.0843563362101299E-002
  -1.2670751358692068E-002
  -1.6539155976578613E-002
