    -0.01653915597657863
    -0.01267075135869208
    -0.01084356336210131
    -0.00966999402492580
    -0.00880994712615741
    -0.00813005279620923
    -0.00756494069765668
    -0.00707800122798573
    -0.00664681864135159
    -0.00625676183507226
    -0.00589781184493867
    -0.00556284867184213
    -0.00524666186681274
    -0.00494534767571469
    -0.00465592528633384
    -0.00437608347310064
    -0.00410400808184417
    -0.00383826140119473
    -0.00357769584727464
    -0.00332139093827176
    -0.00306860644248954
    -0.00281874698792772
    -0.00257133494259004
    -0.00232598936094237
    -0.00208240944556556
    -0.00184036141488467
    -0.00159966797194393
    -0.00136019978189429
    -0.00111507279026801
    -0.00087638828094107
    -0.00064489468136644
    -0.00041946030152067
    -0.00019904064044680
     0.00001733535649476
     0.00023057714647199
     0.00044154289729336
     0.00065104854040965
     0.00085987580195717
     0.00106877940403880
     0.00127849359636725
     0.00148973815324497
     0.00170322395115621
     0.00191965822689239
     0.00213974960428510
     0.00236421296866219
     0.00259377426158930
     0.00282917526397735
     0.00307117843297761
     0.00332057185707648
     0.00357817439436384
     0.00357817439436384
     0.00332057185707648
     0.00307117843297761
     0.00282917526397735
     0.00259377426158930
     0.00236421296866219
     0.00213974960428510
     0.00191965822689239
     0.00170322395115621
     0.00148973815324497
     0.00127849359636725
     0.00106877940403881
     0.00085987580195717
     0.00065104854040965
     0.00044154289729337
     0.00023057714647199
     0.00001733535649476
    -0.00019904064044680
    -0.00041946030152066
    -0.00064489468136644
    -0.00087638828094107
    -0.00111507279026800
    -0.00136019978189429
    -0.00159966797194393
    -0.00184036141488467
    -0.00208240944556555
    -0.00232598936094237
    -0.00257133494259004
    -0.00281874698792771
    -0.00306860644248953
    -0.00332139093827176
    -0.00357769584727464
    -0.00383826140119473
    -0.00410400808184417
    -0.00437608347310063
    -0.00465592528633384
    -0.00494534767571468
    -0.00524666186681273
    -0.00556284867184212
    -0.00589781184493867
    -0.00625676183507225
    -0.00664681864135158
    -0.00707800122798572
    -0.00756494069765667
    -0.00813005279620922
    -0.00880994712615740
    -0.00966999402492578
    -0.01084356336210130
    -0.01267075135869207
    -0.01653915597657861
