    -0.01653915597657857
    -0.01267075135869183
    -0.01084356336210099
    -0.00966999402492560
    -0.00880994712615732
    -0.00813005279620890
    -0.00756494069765643
    -0.00707800122798549
    -0.00664681864135141
    -0.00625676183507197
    -0.00589781184493842
    -0.00556284867184190
    -0.00524666186681259
    -0.00494534767571454
    -0.00465592528633375
    -0.00437608347310064
    -0.00410400808184414
    -0.00383826140119467
    -0.00357769584727457
    -0.00332139093827167
    -0.00306860644248948
    -0.00281874698792770
    -0.00257133494258996
    -0.00232598936094236
    -0.00208240944556558
    -0.00184036141488459
    -0.00159966797194391
    -0.00136019978189429
    -0.00111507279026799
    -0.00087638828094106
    -0.00064489468136643
    -0.00041946030152066
    -0.00019904064044680
     0.00001733535649475
     0.00023057714647199
     0.00044154289729335
     0.00065104854040962
     0.00085987580195716
     0.00106877940403882
     0.00127849359636727
     0.00148973815324495
     0.00170322395115624
     0.00191965822689237
     0.00213974960428503
     0.00236421296866214
     0.00259377426158921
     0.00282917526397737
     0.00307117843297764
     0.00332057185707646
     0.00357817439436388
     0.00357817439436388
     0.00332057185707646
     0.00307117843297764
     0.00282917526397737
     0.00259377426158921
     0.00236421296866214
     0.00213974960428503
     0.00191965822689237
     0.00170322395115624
     0.00148973815324495
     0.00127849359636727
     0.00106877940403882
     0.00085987580195715
     0.00065104854040962
     0.00044154289729335
     0.00023057714647199
     0.00001733535649475
    -0.00019904064044680
    -0.00041946030152066
    -0.00064489468136643
    -0.00087638828094106
    -0.00111507279026799
    -0.00136019978189429
    -0.00159966797194391
    -0.00184036141488459
    -0.00208240944556558
    -0.00232598936094236
    -0.00257133494258996
    -0.00281874698792771
    -0.00306860644248948
    -0.00332139093827167
    -0.00357769584727457
    -0.00383826140119467
    -0.00410400808184414
    -0.00437608347310065
    -0.00465592528633375
    -0.00494534767571454
    -0.00524666186681259
    -0.00556284867184190
    -0.00589781184493842
    -0.00625676183507197
    -0.00664681864135141
    -0.00707800122798549
    -0.00756494069765642
    -0.00813005279620890
    -0.00880994712615732
    -0.00966999402492559
    -0.01084356336210099
    -0.01267075135869182
    -0.01653915597657857
