    78.91336994435086183
    75.31852576402154398
    71.63189056477187933
    67.86270497102296417
    64.02017219970271356
    60.11344289869597901
    56.15160066271899808
    52.14364823612918798
    48.09849441186521091
    44.02494163011922268
    39.93167427796304736
    35.82724768798858861
    31.72007782995489933
    27.61843168847662611
    23.53041831490384439
    19.46398053866358779
    15.42688732432756460
    11.42672675193636067
     7.47089960478784576
     3.56661353539589143
    -0.27912220833709228
    -4.05950152942377240
    -7.76792572367276790
   -11.39800724876564075
   -14.94357305086693266
   -18.39866747829857374
   -21.75755481528506152
   -25.01472146843963884
   -26.38561018050418738
   -27.30390048577423912
   -28.18793887548541477
   -29.03582555088868489
   -29.84590824743741422
   -30.61674871079636162
   -31.34709429969299066
   -32.03585384405663916
   -32.68207706028456272
   -33.28493695443990674
   -33.84371475574212695
   -34.35778700050500589
   -34.82661445997184302
   -35.24973265687847856
   -35.62674376217995587
   -35.95730969952952449
   -36.24114631586617463
   -36.47801849965435395
   -36.66773615616524040
   -36.81015095842138862
   -36.90515381733070654
   -36.95267302310213609
   -36.95267302310213609
   -36.90515381733070654
   -36.81015095842138862
   -36.66773615616524040
   -36.47801849965435395
   -36.24114631586614621
   -35.95730969952955292
   -35.62674376217995587
   -35.24973265687847856
   -34.82661445997184302
   -34.35778700050500589
   -33.84371475574212695
   -33.28493695443990674
   -32.68207706028456272
   -32.03585384405663916
   -31.34709429969288408
   -30.61674871079636162
   -29.84590824743741422
   -29.03582555088889450
   -28.18793887548541477
   -27.30390048577423912
   -26.38561018050407370
   -25.01472146843963884
   -21.75755481528506152
   -18.39866747829857374
   -14.94357305086693266
   -11.39800724876564075
    -7.76792572367276790
    -4.05950152942377240
    -0.27912220839144880
     3.56661353550279303
     7.47089960468478242
    11.42672675203505506
    15.42688732423356335
    19.46398053875290302
    23.53041831481932888
    27.61843168851765995
    31.72007782995489933
    35.82724768802194149
    39.93167427792968738
    44.02494163009129835
    48.09849441186840835
    52.14364823613212252
    56.15160066274057726
    60.11344289871196622
    64.02017219968651318
    67.86270497102339050
    71.63189056477187933
    75.31852576402494037
    78.91336994434747965
