    98.44516099816698329
   105.61728600121081456
   112.88820486154583023
   120.24469401558877735
   127.67345288994992814
   135.16112549899196438
   142.69432183755438359
   150.25963904185229580
   157.84368229295353103
   165.43308543865268234
   173.01453131096849347
   180.57477171789130921
   188.10064708939472666
   195.57910575909298245
   202.99722286427132190
   210.34221884833058880
   217.60147755096215860
   224.76256387261528857
   231.81324100100707142
   238.74148718858464235
   245.53551207093187259
   252.18377251717004128
   258.67498800437152795
   264.99815550894169291
   271.14256390877585545
   277.09780789079712804
   282.85380135920883049
   288.40079034045584194
   291.95009772399998837
   294.93665455600006453
   297.78099439600003961
   300.48311724400002731
   303.04302310000002763
   305.46071196400004055
   307.73618383600000925
   309.86943871600004741
   311.86047660400004133
   313.70929750000004788
   315.41590140400001019
   316.98028831600004196
   318.40245823600002950
   319.68241116400008650
   320.82014709999998558
   321.81566604400006781
   322.66896799600004897
   323.38005295600004274
   323.94892092400004913
   324.37557190000001128
   324.66000588400004290
   324.80222287600003028
   324.80222287600003028
   324.66000588400004290
   324.37557190000001128
   323.94892092400004913
   323.38005295600004274
   322.66896799600004897
   321.81566604400006781
   320.82014709999998558
   319.68241116400008650
   318.40245823600002950
   316.98028831600004196
   315.41590140400001019
   313.70929750000004788
   311.86047660400004133
   309.86943871600004741
   307.73618383600000925
   305.46071196400004055
   303.04302310000002763
   300.48311724400002731
   297.78099439600003961
   294.93665455600006453
   291.95009772399998837
   288.40079034045584194
   282.85380135920883049
   277.09780789079712804
   271.14256390877585545
   264.99815550894169291
   258.67498800437152795
   252.18377251717004128
   245.53551207093187259
   238.74148718858441498
   231.81324100100707142
   224.76256387261511804
   217.60147755096215860
   210.34221884833044669
   202.99722286427132190
   195.57910575909281192
   188.10064708939455613
   180.57477171789113868
   173.01453131096849347
   165.43308543865268234
   157.84368229295336050
   150.25963904185195474
   142.69432183755398569
   135.16112549899159490
   127.67345288994971497
   120.24469401558854997
   112.88820486154560285
   105.61728600121060140
    98.44516099816686960
