   177.35853094406266450
   180.93581176677579947
   184.52009542783721940
   188.10739898815276661
   191.69362509115848070
   195.27456839922831477
   198.84592250180654105
   202.40328727950549137
   205.94217670633864259
   209.45802707027758061
   212.94620559041749175
   216.40201940721684082
   219.82072492056258284
   223.19753744879798774
   226.52764118035483420
   229.80619938824597170
   233.02836487641252461
   236.18929062578885691
   239.28414060693529564
   242.30810072522106680
   245.25638986378422146
   248.12427098889324384
   250.90706228184325255
   253.60014826117620146
   256.19899085878927281
   258.69914041339688993
   261.09624654484184703
   263.38606887289802216
   265.56448754446432758
   267.63275407100258008
   269.59305552132735784
   271.44729169392343238
   273.19711485341360913
   274.84396325401371541
   276.38908953710375727
   277.83358487264342784
   279.17839954450022333
   280.42436054634464426
   281.57218664906395134
   282.62250131628849203
   283.57584377682991317
   284.43267850794603646
   285.19340333859162229
   285.85835634503365554
   286.42782168072795912
   286.90203445686262285
   287.28118476842553264
   287.56542094220998251
   287.75485206717360143
   287.84954985342977807
   287.84954985342977807
   287.75485206717360143
   287.56542094220998251
   287.28118476842553264
   286.90203445686262285
   286.42782168072795912
   285.85835634503365554
   285.19340333859162229
   284.43267850794603646
   283.57584377682991317
   282.62250131628849203
   281.57218664906395134
   280.42436054634464426
   279.17839954450022333
   277.83358487264342784
   276.38908953710375727
   274.84396325401371541
   273.19711485341360913
   271.44729169392343238
   269.59305552132735784
   267.63275407100258008
   265.56448754446432758
   263.38606887289802216
   261.09624654484184703
   258.69914041339688993
   256.19899085878927281
   253.60014826117620146
   250.90706228184325255
   248.12427098889324384
   245.25638986378422146
   242.30810072522089627
   239.28414060693529564
   236.18929062578868638
   233.02836487641252461
   229.80619938824580117
   226.52764118035483420
   223.19753744879781721
   219.82072492056241231
   216.40201940721669871
   212.94620559041749175
   209.45802707027758061
   205.94217670633850048
   202.40328727950517873
   198.84592250180600104
   195.27456839922786003
   191.69362509115816806
   188.10739898815239712
   184.52009542783690677
   180.93581176677548683
   177.35853094406249397
