  -81.890385637579215     
  -75.930132339190692     
  -71.805127743282540     
  -68.434815062955494     
  -65.505351603431109     
  -62.873246954569197     
  -60.458639568941280     
  -58.211669449464907     
  -56.098738067235900     
  -54.095931478496446     
  -52.185511553616500     
  -50.353888910563988     
  -48.590377946251749     
  -46.886394107676807     
  -45.234915380360000     
  -43.630108917708966     
  -42.067064850563796     
  -40.541601919830050     
  -39.050122580774769     
  -37.589503007809135     
  -36.157008242314248     
  -34.750225793390385     
  -33.367013007359127     
  -32.005454864335810     
  -30.663829777424507     
  -29.340581608550234     
  -28.034296566915135     
  -26.743683980962118     
  -25.467560171573300     
  -24.204834829116386     
  -22.954499427622146     
  -21.715617308078162     
  -20.487315138132832     
  -19.268775513501552     
  -18.059230511419230     
  -16.857956041760172     
  -15.664266869272558     
  -14.477512202472893     
  -13.297071762403178     
  -12.122352258640916     
  -10.952784211406506     
  -9.7878190678981944     
  -8.6269265685363408     
  -7.4695923249521829     
  -6.3153155765736821     
  -5.1636070967466576     
  -4.0139872226429629     
  -2.8659839858737288     
  -1.7191313228422065     
 -0.57296734551186379     
  0.57296734551186379     
   1.7191313228422065     
   2.8659839858737288     
   4.0139872226429656     
   5.1636070967466647     
   6.3153155765736884     
   7.4695923249521829     
   8.6269265685363337     
   9.7878190678981873     
   10.952784211406504     
   12.122352258640916     
   13.297071762403178     
   14.477512202472893     
   15.664266869272558     
   16.857956041760172     
   18.059230511419234     
   19.268775513501559     
   20.487315138132839     
   21.715617308078162     
   22.954499427622142     
   24.204834829116379     
   25.467560171573293     
   26.743683980962118     
   28.034296566915135     
   29.340581608550234     
   30.663829777424507     
   32.005454864335810     
   33.367013007359127     
   34.750225793390385     
   36.157008242314248     
   37.589503007809142     
   39.050122580774769     
   40.541601919830050     
   42.067064850563796     
   43.630108917708966     
   45.234915380360000     
   46.886394107676807     
   48.590377946251749     
   50.353888910563988     
   52.185511553616500     
   54.095931478496446     
   56.098738067235900     
   58.211669449464921     
   60.458639568941280     
   62.873246954569183     
   65.505351603431080     
   68.434815062955494     
   71.805127743282540     
   75.930132339190692     
   81.890385637579215     
