    -0.00000000154481938
    -0.00000000154344093
    -0.00000000151950985
    -0.00000000154102509
    -0.00000000150583901
    -0.00000000154037139
    -0.00000000153315938
    -0.00000000152400759
    -0.00000000151990065
    -0.00000000150567558
    -0.00000000148595092
    -0.00000000133694300
    -0.00000000121295685
    -0.00000000122837918
    -0.00000000117966792
    -0.00000000125179511
    -0.00000000112280141
    -0.00000000123720767
    -0.00000000114037846
    -0.00000000124053301
    -0.00000000118944116
    -0.00000000114697496
    -0.00000000114449250
    -0.00000000100014930
    -0.00000000088035002
    -0.00000000089833563
    -0.00000000091807806
    -0.00000000088181906
    -0.00000000096852659
    -0.00000000077675466
    -0.00000000081273299
    -0.00000000081208995
    -0.00000000085099572
    -0.00000000081003648
    -0.00000000079673868
    -0.00000000070001960
    -0.00000000078474471
    -0.00000000078450313
    -0.00000000080606810
    -0.00000000079345597
    -0.00000000080172669
    -0.00000000082442853
    -0.00000000077159257
    -0.00000000056311222
    -0.00000000059408478
    -0.00000000051693405
    -0.00000000059072391
    -0.00000000063135985
    -0.00000000050426507
    -0.00000000053188387
    -0.00000000053188387
    -0.00000000050426507
    -0.00000000063135985
    -0.00000000059072391
    -0.00000000051693405
    -0.00000000059405636
    -0.00000000056314065
    -0.00000000077159257
    -0.00000000082442853
    -0.00000000080172669
    -0.00000000079345597
    -0.00000000080606810
    -0.00000000078450313
    -0.00000000078474471
    -0.00000000070001960
    -0.00000000079663209
    -0.00000000081003648
    -0.00000000085099572
    -0.00000000081229956
    -0.00000000081273299
    -0.00000000077675466
    -0.00000000096841291
    -0.00000000088181906
    -0.00000000091807806
    -0.00000000089833563
    -0.00000000088035002
    -0.00000000100014930
    -0.00000000114449250
    -0.00000000114697496
    -0.00000000124379768
    -0.00000000113368825
    -0.00000000124344179
    -0.00000000113851328
    -0.00000000121680266
    -0.00000000116245147
    -0.00000000126418342
    -0.00000000118734533
    -0.00000000121295685
    -0.00000000130361855
    -0.00000000151931090
    -0.00000000153359991
    -0.00000000151673163
    -0.00000000152110147
    -0.00000000151143809
    -0.00000000152429891
    -0.00000000152193991
    -0.00000000154045665
    -0.00000000151942459
    -0.00000000153994506
    -0.00000000154814472
