   265.44962651608233273
   266.77813442760339058
   268.08963013940933706
   269.38323716273771424
   270.65809172542947181
   271.91334317610966309
   273.14815436506529522
   274.36170200204759340
   275.55317699127181186
   276.72178474392399039
   277.86674546852287904
   278.98729443951600615
   280.08268224451813921
   281.15217501062380734
   282.19505461024704118
   283.21061884695637900
   284.19818162178449938
   285.15707308049655921
   286.08663974230512395
   286.98624461051213075
   287.85526726555156074
   288.69310394088756766
   289.49916758220462043
   290.27288789029455529
   291.01371134801348717
   291.72110123163724893
   292.39453760689576711
   293.03351730990874557
   293.63755391317818066
   294.20761791280119724
   294.74488232918884023
   295.25038741394257613
   295.72505760406363606
   296.16971574666473543
   296.58509508658141840
   296.97184940816686094
   297.33056164422015399
   297.66175120382246178
   297.96588022271419050
   298.24335890167566276
   298.49455006789031586
   298.71977306974309840
   298.91930709562723223
   299.09339399109171609
   299.24224063528174611
   299.36602092649701490
   299.46487741734176780
   299.53892263198036972
   299.58824009114204046
   299.61288506448005364
   299.61288506448005364
   299.58824009114204046
   299.53892263198036972
   299.46487741734176780
   299.36602092649701490
   299.24224063528174611
   299.09339399109171609
   298.91930709562723223
   298.71977306974309840
   298.49455006789031586
   298.24335890167566276
   297.96588022271419050
   297.66175120382246178
   297.33056164422015399
   296.97184940816686094
   296.58509508658141840
   296.16971574666473543
   295.72505760406363606
   295.25038741394257613
   294.74488232918884023
   294.20761791280119724
   293.63755391317818066
   293.03351730990874557
   292.39453760689576711
   291.72110123163724893
   291.01371134801348717
   290.27288789029455529
   289.49916758220462043
   288.69310394088756766
   287.85526726555150390
   286.98624461051213075
   286.08663974230506710
   285.15707308049655921
   284.19818162178444254
   283.21061884695637900
   282.19505461024698434
   281.15217501062380734
   280.08268224451808237
   278.98729443951594931
   277.86674546852287904
   276.72178474392399039
   275.55317699127175501
   274.36170200204747971
   273.14815436506512469
   271.91334317610954940
   270.65809172542935812
   269.38323716273760056
   268.08963013940922337
   266.77813442760327689
   265.44962651608227588
