  -1.6539155976578623E-002
  -1.2670751358692079E-002
  -1.0843563362101304E-002
  -9.6699940249257987E-003
  -8.8099471261574060E-003
  -8.1300527962092292E-003
  -7.5649406976566773E-003
  -7.0780012279857288E-003
  -6.6468186413515869E-003
  -6.2567618350722574E-003
  -5.8978118449386748E-003
  -5.5628486718421301E-003
  -5.2466618668127367E-003
  -4.9453476757146892E-003
  -4.6559252863338394E-003
  -4.3760834731006379E-003
  -4.1040080818441713E-003
  -3.8382614011947340E-003
  -3.5776958472746416E-003
  -3.3213909382717615E-003
  -3.0686064424895357E-003
  -2.8187469879277162E-003
  -2.5713349425900409E-003
  -2.3259893609423694E-003
  -2.0824094455655574E-003
  -1.8403614148846746E-003
  -1.5996679719439289E-003
  -1.3601997818942888E-003
  -1.1150727902680068E-003
  -8.7638828094107170E-004
  -6.4489468136644484E-004
  -4.1946030152066545E-004
  -1.9904064044680059E-004
   1.7335356494759940E-005
   2.3057714647199148E-004
   4.4154289729336256E-004
   6.5104854040964888E-004
   8.5987580195716383E-004
   1.0687794040388028E-003
   1.2784935963672452E-003
   1.4897381532449642E-003
   1.7032239511562081E-003
   1.9196582268923904E-003
   2.1397496042850953E-003
   2.3642129686621853E-003
   2.5937742615892985E-003
   2.8291752639773514E-003
   3.0711784329776103E-003
   3.3205718570764810E-003
   3.5781743943638341E-003
   3.5781743943638349E-003
   3.3205718570764810E-003
   3.0711784329776107E-003
   2.8291752639773523E-003
   2.5937742615892989E-003
   2.3642129686621853E-003
   2.1397496042850957E-003
   1.9196582268923904E-003
   1.7032239511562083E-003
   1.4897381532449651E-003
   1.2784935963672461E-003
   1.0687794040388045E-003
   8.5987580195716470E-004
   6.5104854040964812E-004
   4.4154289729336223E-004
   2.3057714647199137E-004
   1.7335356494759618E-005
  -1.9904064044680000E-004
  -4.1946030152066540E-004
  -6.4489468136644484E-004
  -8.7638828094107214E-004
  -1.1150727902680064E-003
  -1.3601997818942894E-003
  -1.5996679719439289E-003
  -1.8403614148846746E-003
  -2.0824094455655583E-003
  -2.3259893609423703E-003
  -2.5713349425900418E-003
  -2.8187469879277175E-003
  -3.0686064424895352E-003
  -3.3213909382717628E-003
  -3.5776958472746420E-003
  -3.8382614011947336E-003
  -4.1040080818441705E-003
  -4.3760834731006370E-003
  -4.6559252863338394E-003
  -4.9453476757146883E-003
  -5.2466618668127341E-003
  -5.5628486718421284E-003
  -5.8978118449386722E-003
  -6.2567618350722548E-003
  -6.6468186413515826E-003
  -7.0780012279857236E-003
  -7.5649406976566807E-003
  -8.1300527962092292E-003
  -8.8099471261574112E-003
  -9.6699940249257935E-003
  -1.0843563362101304E-002
  -1.2670751358692072E-002
  -1.6539155976578620E-002
