  -1.6539155976578620E-002
  -1.2670751358691865E-002
  -1.0843563362101032E-002
  -9.6699940249256339E-003
  -8.8099471261573609E-003
  -8.1300527962089378E-003
  -7.5649406976564483E-003
  -7.0780012279855172E-003
  -6.6468186413514352E-003
  -6.2567618350719938E-003
  -5.8978118449384380E-003
  -5.5628486718419193E-003
  -5.2466618668126075E-003
  -4.9453476757145513E-003
  -4.6559252863337623E-003
  -4.3760834731006535E-003
  -4.1040080818441514E-003
  -3.8382614011946842E-003
  -3.5776958472745809E-003
  -3.3213909382716709E-003
  -3.0686064424894832E-003
  -2.8187469879277106E-003
  -2.5713349425899599E-003
  -2.3259893609423625E-003
  -2.0824094455655813E-003
  -1.8403614148845846E-003
  -1.5996679719439055E-003
  -1.3601997818942840E-003
  -1.1150727902679773E-003
  -8.7638828094104438E-004
  -6.4489468136641860E-004
  -4.1946030152064523E-004
  -1.9904064044678777E-004
   1.7335356494770169E-005
   2.3057714647200730E-004
   4.4154289729336684E-004
   6.5104854040963674E-004
   8.5987580195717294E-004
   1.0687794040388403E-003
   1.2784935963672901E-003
   1.4897381532449688E-003
   1.7032239511562586E-003
   1.9196582268923908E-003
   2.1397496042850528E-003
   2.3642129686621584E-003
   2.5937742615892330E-003
   2.8291752639773935E-003
   3.0711784329776641E-003
   3.3205718570764745E-003
   3.5781743943639000E-003
   3.5781743943639008E-003
   3.3205718570764745E-003
   3.0711784329776619E-003
   2.8291752639773944E-003
   2.5937742615892330E-003
   2.3642129686621584E-003
   2.1397496042850515E-003
   1.9196582268923902E-003
   1.7032239511562595E-003
   1.4897381532449671E-003
   1.2784935963672899E-003
   1.0687794040388377E-003
   8.5987580195717121E-004
   6.5104854040963468E-004
   4.4154289729336554E-004
   2.3057714647200720E-004
   1.7335356494769952E-005
  -1.9904064044678842E-004
  -4.1946030152064577E-004
  -6.4489468136641850E-004
  -8.7638828094104677E-004
  -1.1150727902679808E-003
  -1.3601997818942857E-003
  -1.5996679719439079E-003
  -1.8403614148845902E-003
  -2.0824094455655809E-003
  -2.3259893609423668E-003
  -2.5713349425899603E-003
  -2.8187469879277097E-003
  -3.0686064424894836E-003
  -3.3213909382716761E-003
  -3.5776958472745765E-003
  -3.8382614011946820E-003
  -4.1040080818441514E-003
  -4.3760834731006552E-003
  -4.6559252863337623E-003
  -4.9453476757145530E-003
  -5.2466618668126118E-003
  -5.5628486718419220E-003
  -5.8978118449384389E-003
  -6.2567618350719938E-003
  -6.6468186413514343E-003
  -7.0780012279855172E-003
  -7.5649406976564465E-003
  -8.1300527962089378E-003
  -8.8099471261573591E-003
  -9.6699940249256287E-003
  -1.0843563362101028E-002
  -1.2670751358691860E-002
  -1.6539155976578606E-002
