  -1.5448193835254642E-009
  -1.5434409306180896E-009
  -1.5195098512776894E-009
  -1.5410250853165053E-009
  -1.5058390090416651E-009
  -1.5403713859996060E-009
  -1.5331593772316410E-009
  -1.5240075867950509E-009
  -1.5199006497823575E-009
  -1.5056755842124403E-009
  -1.4859509178677399E-009
  -1.3369430007514893E-009
  -1.2129568460750306E-009
  -1.2283791761547036E-009
  -1.1796679189046699E-009
  -1.2517951120116777E-009
  -1.1228014074049497E-009
  -1.2372076696465228E-009
  -1.1403784583308152E-009
  -1.2405330096498801E-009
  -1.1894411566792940E-009
  -1.1469749594539280E-009
  -1.1444925007708662E-009
  -1.0001492967148806E-009
  -8.8035001510888833E-010
  -8.9833562810781586E-010
  -9.1807805802091025E-010
  -8.8181906221507234E-010
  -9.6852659225987736E-010
  -7.7675466059190512E-010
  -8.1273299201711779E-010
  -8.1208995084125490E-010
  -8.5099571833779919E-010
  -8.1003648233490821E-010
  -7.9673867503515794E-010
  -7.0001959784349310E-010
  -7.8474471365552745E-010
  -7.8450312912536901E-010
  -8.0606810115568805E-010
  -7.9345596759594628E-010
  -8.0172668504019384E-010
  -8.2442852544772904E-010
  -7.7159256761660799E-010
  -5.6311222351723700E-010
  -5.9408478136901977E-010
  -5.1693405112018809E-010
  -5.9072391422887449E-010
  -6.3135985328699462E-010
  -5.0426507414158550E-010
  -5.3188387028058060E-010
  -5.3188387028058060E-010
  -5.0426507414158550E-010
  -6.3135985328699462E-010
  -5.9072391422887449E-010
  -5.1693405112018809E-010
  -5.9405635965958936E-010
  -5.6314064522666740E-010
  -7.7159256761660799E-010
  -8.2442852544772904E-010
  -8.0172668504019384E-010
  -7.9345596759594628E-010
  -8.0606810115568805E-010
  -7.8450312912536901E-010
  -7.8474471365552745E-010
  -7.0001959784349310E-010
  -7.9663209362479392E-010
  -8.1003648233490821E-010
  -8.5099571833779919E-010
  -8.1229956094830413E-010
  -8.1273299201711779E-010
  -7.7675466059190512E-010
  -9.6841290542215575E-010
  -8.8181906221507234E-010
  -9.1807805802091025E-010
  -8.9833562810781586E-010
  -8.8035001510888833E-010
  -1.0001492967148806E-009
  -1.1444925007708662E-009
  -1.1469749594539280E-009
  -1.2437976759649416E-009
  -1.1336882543844240E-009
  -1.2434417939743980E-009
  -1.1385132836494449E-009
  -1.2168026586323322E-009
  -1.1624514684172027E-009
  -1.2641834246096550E-009
  -1.1873453331645578E-009
  -1.2129568460750306E-009
  -1.3036185464443406E-009
  -1.5193108993116766E-009
  -1.5335999137278122E-009
  -1.5167316291808675E-009
  -1.5211014670057921E-009
  -1.5114380857994547E-009
  -1.5242989093167125E-009
  -1.5219399074339890E-009
  -1.5404566511278972E-009
  -1.5194245861493982E-009
  -1.5399450603581499E-009
  -1.5481447235288215E-009
