   265.44962651608233     
   266.77813442760339     
   268.08963013940934     
   269.38323716273771     
   270.65809172542947     
   271.91334317610966     
   273.14815436506530     
   274.36170200204759     
   275.55317699127181     
   276.72178474392399     
   277.86674546852288     
   278.98729443951601     
   280.08268224451814     
   281.15217501062381     
   282.19505461024704     
   283.21061884695638     
   284.19818162178450     
   285.15707308049656     
   286.08663974230512     
   286.98624461051213     
   287.85526726555156     
   288.69310394088757     
   289.49916758220462     
   290.27288789029456     
   291.01371134801349     
   291.72110123163725     
   292.39453760689577     
   293.03351730990875     
   293.63755391317818     
   294.20761791280120     
   294.74488232918884     
   295.25038741394258     
   295.72505760406364     
   296.16971574666474     
   296.58509508658142     
   296.97184940816686     
   297.33056164422015     
   297.66175120382246     
   297.96588022271419     
   298.24335890167566     
   298.49455006789032     
   298.71977306974310     
   298.91930709562723     
   299.09339399109172     
   299.24224063528175     
   299.36602092649701     
   299.46487741734177     
   299.53892263198037     
   299.58824009114204     
   299.61288506448005     
   299.61288506448005     
   299.58824009114204     
   299.53892263198037     
   299.46487741734177     
   299.36602092649701     
   299.24224063528175     
   299.09339399109172     
   298.91930709562723     
   298.71977306974310     
   298.49455006789032     
   298.24335890167566     
   297.96588022271419     
   297.66175120382246     
   297.33056164422015     
   296.97184940816686     
   296.58509508658142     
   296.16971574666474     
   295.72505760406364     
   295.25038741394258     
   294.74488232918884     
   294.20761791280120     
   293.63755391317818     
   293.03351730990875     
   292.39453760689577     
   291.72110123163725     
   291.01371134801349     
   290.27288789029456     
   289.49916758220462     
   288.69310394088757     
   287.85526726555150     
   286.98624461051213     
   286.08663974230507     
   285.15707308049656     
   284.19818162178444     
   283.21061884695638     
   282.19505461024698     
   281.15217501062381     
   280.08268224451808     
   278.98729443951595     
   277.86674546852288     
   276.72178474392399     
   275.55317699127176     
   274.36170200204748     
   273.14815436506512     
   271.91334317610955     
   270.65809172542936     
   269.38323716273760     
   268.08963013940922     
   266.77813442760328     
   265.44962651608228     
